strategy,droneCount,maxAngle,droneID,timeStamp,x,y
decentralizedWeighted,20,40.0,31776048549,761,-207.096038818359,-2.75756978988647
decentralizedWeighted,20,40.0,31960597936,761,-275.279937744141,-0.43797242641449
decentralizedWeighted,20,40.0,32145147323,761,-298.763336181641,-8.04498863220215
decentralizedWeighted,20,40.0,32329696710,761,-272.432464599609,28.9572353363037
decentralizedWeighted,20,40.0,32514246097,761,-238.640533447266,31.5655574798584
decentralizedWeighted,20,40.0,32698795484,761,-212.389282226563,16.9266109466553
decentralizedWeighted,20,40.0,32883344871,761,-244.058822631836,-9.42751979827881
decentralizedWeighted,20,40.0,33067894258,761,-273.340087890625,-34.1762924194336
decentralizedWeighted,20,40.0,33252443645,761,-250.503173828125,-40.909797668457
decentralizedWeighted,20,40.0,33436993032,761,-213.74333190918,-23.2062854766846
decentralizedWeighted,20,40.0,33621542419,761,-227.794616699219,-10.3503885269165
decentralizedWeighted,20,40.0,33806091806,761,-295.180816650391,11.7002897262573
decentralizedWeighted,20,40.0,33990641193,761,-257.627349853516,-1.14445555210114
decentralizedWeighted,20,40.0,34175190580,761,-256.411193847656,31.8031826019287
decentralizedWeighted,20,40.0,34359739967,761,-262.944122314453,14.5791845321655
decentralizedWeighted,20,40.0,34544289354,761,-222.778686523438,35.9650535583496
decentralizedWeighted,20,40.0,34728838741,761,-235.048873901367,-25.5175476074219
decentralizedWeighted,20,40.0,34913388128,761,-252.049301147461,-24.084644317627
decentralizedWeighted,20,40.0,35097937515,761,-234.676849365234,4.94947624206543
decentralizedWeighted,20,40.0,35282486902,761,-247.440689086914,16.9123497009277
decentralizedWeighted,20,40.0,31776048549,861,-202.818344116211,-2.75756978988647
decentralizedWeighted,20,40.0,31960597936,861,-274.466369628906,-3.67335891723633
decentralizedWeighted,20,40.0,32145147323,861,-298.763336181641,-12.3226728439331
decentralizedWeighted,20,40.0,32329696710,861,-272.432464599609,33.234920501709
decentralizedWeighted,20,40.0,32514246097,861,-238.51643371582,31.7354297637939
decentralizedWeighted,20,40.0,32698795484,861,-208.111587524414,16.9266109466553
decentralizedWeighted,20,40.0,32883344871,861,-243.838653564453,-13.0838594436646
decentralizedWeighted,20,40.0,33067894258,861,-273.340087890625,-38.4539794921875
decentralizedWeighted,20,40.0,33252443645,861,-250.503173828125,-44.5208168029785
decentralizedWeighted,20,40.0,33436993032,861,-209.465637207031,-23.2062854766846
decentralizedWeighted,20,40.0,33621542419,861,-227.532012939453,-14.112398147583
decentralizedWeighted,20,40.0,33806091806,861,-295.180816650391,15.9779739379883
decentralizedWeighted,20,40.0,33990641193,861,-257.85546875,-4.43510627746582
decentralizedWeighted,20,40.0,34175190580,861,-256.411193847656,36.0808715820313
decentralizedWeighted,20,40.0,34359739967,861,-263.620574951172,14.0458374023438
decentralizedWeighted,20,40.0,34544289354,861,-218.500991821289,35.9650535583496
decentralizedWeighted,20,40.0,34728838741,861,-235.048873901367,-29.7952289581299
decentralizedWeighted,20,40.0,34913388128,861,-252.111709594727,-27.7204437255859
decentralizedWeighted,20,40.0,35097937515,861,-235.561279296875,1.48234903812408
decentralizedWeighted,20,40.0,35282486902,861,-247.565979003906,13.3338232040405
decentralizedWeighted,20,40.0,31776048549,961,-197.818984985352,-2.75756978988647
decentralizedWeighted,20,40.0,31960597936,961,-274.466369628906,-8.67270851135254
decentralizedWeighted,20,40.0,32145147323,961,-298.763336181641,-17.3220252990723
decentralizedWeighted,20,40.0,32329696710,961,-272.432464599609,38.2342720031738
decentralizedWeighted,20,40.0,32514246097,961,-238.51643371582,36.7347793579102
decentralizedWeighted,20,40.0,32698795484,961,-203.112228393555,16.9266109466553
decentralizedWeighted,20,40.0,32883344871,961,-243.838653564453,-18.0832099914551
decentralizedWeighted,20,40.0,33067894258,961,-273.340087890625,-43.4533309936523
decentralizedWeighted,20,40.0,33252443645,961,-250.503173828125,-49.5201683044434
decentralizedWeighted,20,40.0,33436993032,961,-204.466278076172,-23.2062854766846
decentralizedWeighted,20,40.0,33621542419,961,-227.532012939453,-19.1117477416992
decentralizedWeighted,20,40.0,33806091806,961,-295.180816650391,20.9773235321045
decentralizedWeighted,20,40.0,33990641193,961,-257.85546875,-1.09705591201782
decentralizedWeighted,20,40.0,34175190580,961,-256.411193847656,41.0802230834961
decentralizedWeighted,20,40.0,34359739967,961,-263.620574951172,19.0454044342041
decentralizedWeighted,20,40.0,34544289354,961,-213.50163269043,35.9650535583496
decentralizedWeighted,20,40.0,34728838741,961,-235.048873901367,-34.7945785522461
decentralizedWeighted,20,40.0,34913388128,961,-252.111709594727,-32.7197914123535
decentralizedWeighted,20,40.0,35097937515,961,-235.561279296875,-1.8469010591507
decentralizedWeighted,20,40.0,35282486902,961,-247.565979003906,16.6716537475586
decentralizedWeighted,20,40.0,31776048549,1062,-192.806243896484,-2.75756978988647
decentralizedWeighted,20,40.0,31960597936,1062,-274.466369628906,-13.6854734420776
decentralizedWeighted,20,40.0,32145147323,1062,-298.763336181641,-22.3347949981689
decentralizedWeighted,20,40.0,32329696710,1062,-272.432464599609,43.2470359802246
decentralizedWeighted,20,40.0,32514246097,1062,-238.51643371582,41.7475433349609
decentralizedWeighted,20,40.0,32698795484,1062,-198.099487304688,16.9266109466553
decentralizedWeighted,20,40.0,32883344871,1062,-243.838653564453,-16.4138431549072
decentralizedWeighted,20,40.0,33067894258,1062,-273.340087890625,-48.4660949707031
decentralizedWeighted,20,40.0,33252443645,1062,-250.503173828125,-54.5329322814941
decentralizedWeighted,20,40.0,33436993032,1062,-199.453536987305,-23.2062854766846
decentralizedWeighted,20,40.0,33621542419,1062,-227.532012939453,-17.4423809051514
decentralizedWeighted,20,40.0,33806091806,1062,-295.180816650391,25.9900932312012
decentralizedWeighted,20,40.0,33990641193,1062,-257.85546875,0.58237719535828
decentralizedWeighted,20,40.0,34175190580,1062,-256.411193847656,46.0929870605469
decentralizedWeighted,20,40.0,34359739967,1062,-263.620574951172,24.0581741333008
decentralizedWeighted,20,40.0,34544289354,1062,-208.488891601563,35.9650535583496
decentralizedWeighted,20,40.0,34728838741,1062,-235.048873901367,-39.8073425292969
decentralizedWeighted,20,40.0,34913388128,1062,-252.111709594727,-36.0658912658691
decentralizedWeighted,20,40.0,35097937515,1062,-233.055023193359,0.65959888696671
decentralizedWeighted,20,40.0,35282486902,1062,-243.391082763672,17.5095043182373
decentralizedWeighted,20,40.0,31776048549,1162,-187.678024291992,-2.75756978988647
decentralizedWeighted,20,40.0,31960597936,1162,-274.466369628906,-18.8137130737305
decentralizedWeighted,20,40.0,32145147323,1162,-298.763336181641,-27.4630374908447
decentralizedWeighted,20,40.0,32329696710,1162,-272.432464599609,48.3752746582031
decentralizedWeighted,20,40.0,32514246097,1162,-236.710891723633,45.0702247619629
decentralizedWeighted,20,40.0,32698795484,1162,-192.971267700195,16.9266109466553
decentralizedWeighted,20,40.0,32883344871,1162,-243.785598754883,-18.0999603271484
decentralizedWeighted,20,40.0,33067894258,1162,-273.340087890625,-53.5943336486816
decentralizedWeighted,20,40.0,33252443645,1162,-250.503173828125,-59.6611709594727
decentralizedWeighted,20,40.0,33436993032,1162,-194.325317382813,-23.2062854766846
decentralizedWeighted,20,40.0,33621542419,1162,-227.532012939453,-19.216287612915
decentralizedWeighted,20,40.0,33806091806,1162,-294.278045654297,30.2155570983887
decentralizedWeighted,20,40.0,33990641193,1162,-257.85546875,2.35628271102905
decentralizedWeighted,20,40.0,34175190580,1162,-256.411193847656,51.2212257385254
decentralizedWeighted,20,40.0,34359739967,1162,-263.620574951172,29.1864166259766
decentralizedWeighted,20,40.0,34544289354,1162,-203.36067199707,35.9650535583496
decentralizedWeighted,20,40.0,34728838741,1162,-229.920654296875,-39.8073425292969
decentralizedWeighted,20,40.0,34913388128,1162,-252.111709594727,-30.9808521270752
decentralizedWeighted,20,40.0,35097937515,1162,-227.926803588867,0.65959888696671
decentralizedWeighted,20,40.0,35282486902,1162,-238.26286315918,17.5095043182373
decentralizedWeighted,20,40.0,31776048549,1261,-182.380065917969,-2.75756978988647
decentralizedWeighted,20,40.0,31960597936,1261,-274.466369628906,-24.1117115020752
decentralizedWeighted,20,40.0,32145147323,1261,-298.763336181641,-32.7610359191895
decentralizedWeighted,20,40.0,32329696710,1261,-272.432464599609,53.6732711791992
decentralizedWeighted,20,40.0,32514246097,1261,-231.412933349609,45.0702247619629
decentralizedWeighted,20,40.0,32698795484,1261,-187.673309326172,16.9266109466553
decentralizedWeighted,20,40.0,32883344871,1261,-243.491638183594,-12.1487998962402
decentralizedWeighted,20,40.0,33067894258,1261,-273.340087890625,-58.8923301696777
decentralizedWeighted,20,40.0,33252443645,1261,-245.205215454102,-59.6611709594727
decentralizedWeighted,20,40.0,33436993032,1261,-189.027359008789,-23.2062854766846
decentralizedWeighted,20,40.0,33621542419,1261,-223.136825561523,-20.1190662384033
decentralizedWeighted,20,40.0,33806091806,1261,-288.980072021484,30.2155570983887
decentralizedWeighted,20,40.0,33990641193,1261,-257.85546875,7.65427684783936
decentralizedWeighted,20,40.0,34175190580,1261,-256.411193847656,56.5192222595215
decentralizedWeighted,20,40.0,34359739967,1262,-263.620574951172,34.4844131469727
decentralizedWeighted,20,40.0,34544289354,1262,-198.062713623047,35.9650535583496
decentralizedWeighted,20,40.0,34728838741,1262,-224.622695922852,-39.8073425292969
decentralizedWeighted,20,40.0,34913388128,1262,-252.054229736328,-37.1762733459473
decentralizedWeighted,20,40.0,35097937515,1262,-222.628845214844,0.65959888696671
decentralizedWeighted,20,40.0,35282486902,1262,-232.964904785156,17.5095043182373
decentralizedWeighted,20,40.0,31776048549,1361,-177.380096435547,-2.75756978988647
decentralizedWeighted,20,40.0,31960597936,1361,-274.466369628906,-29.1117153167725
decentralizedWeighted,20,40.0,32145147323,1361,-298.763336181641,-37.7610282897949
decentralizedWeighted,20,40.0,32329696710,1361,-272.432464599609,58.6732635498047
decentralizedWeighted,20,40.0,32514246097,1361,-226.412963867188,45.0702247619629
decentralizedWeighted,20,40.0,32698795484,1361,-182.67333984375,16.9266109466553
decentralizedWeighted,20,40.0,32883344871,1361,-243.491638183594,-7.14880084991455
decentralizedWeighted,20,40.0,33067894258,1361,-273.340087890625,-63.8923225402832
decentralizedWeighted,20,40.0,33252443645,1362,-240.20524597168,-59.6611709594727
decentralizedWeighted,20,40.0,33436993032,1362,-184.027389526367,-23.2062854766846
decentralizedWeighted,20,40.0,33621542419,1362,-218.136856079102,-20.1190662384033
decentralizedWeighted,20,40.0,33806091806,1362,-283.980010986328,30.2155570983887
decentralizedWeighted,20,40.0,33990641193,1362,-257.85546875,12.6542749404907
decentralizedWeighted,20,40.0,34175190580,1362,-256.411193847656,61.519214630127
decentralizedWeighted,20,40.0,34359739967,1362,-258.620513916016,34.4844131469727
decentralizedWeighted,20,40.0,34544289354,1362,-193.062744140625,35.9650535583496
decentralizedWeighted,20,40.0,34728838741,1362,-219.62272644043,-39.8073425292969
decentralizedWeighted,20,40.0,34913388128,1362,-252.054229736328,-42.1762657165527
decentralizedWeighted,20,40.0,35097937515,1362,-217.628875732422,0.65959888696671
decentralizedWeighted,20,40.0,35282486902,1362,-227.964935302734,17.5095043182373
decentralizedWeighted,20,40.0,31776048549,1461,-172.37548828125,-2.75756978988647
decentralizedWeighted,20,40.0,31960597936,1461,-274.466369628906,-34.1163482666016
decentralizedWeighted,20,40.0,32145147323,1461,-298.763336181641,-42.7656555175781
decentralizedWeighted,20,40.0,32329696710,1461,-272.432464599609,63.6778907775879
decentralizedWeighted,20,40.0,32514246097,1462,-221.408355712891,45.0702247619629
decentralizedWeighted,20,40.0,32698795484,1462,-177.668731689453,16.9266109466553
decentralizedWeighted,20,40.0,32883344871,1462,-243.491638183594,-2.14416694641113
decentralizedWeighted,20,40.0,33067894258,1462,-268.335418701172,-63.8923225402832
decentralizedWeighted,20,40.0,33252443645,1462,-235.200637817383,-59.6611709594727
decentralizedWeighted,20,40.0,33436993032,1462,-179.02278137207,-23.2062854766846
decentralizedWeighted,20,40.0,33621542419,1462,-213.132247924805,-20.1190662384033
decentralizedWeighted,20,40.0,33806091806,1462,-278.975341796875,30.2155570983887
decentralizedWeighted,20,40.0,33990641193,1462,-256.188781738281,15.9922409057617
decentralizedWeighted,20,40.0,34175190580,1462,-252.23991394043,62.3525466918945
decentralizedWeighted,20,40.0,34359739967,1462,-253.615859985352,34.4844131469727
decentralizedWeighted,20,40.0,34544289354,1462,-188.058135986328,35.9650535583496
decentralizedWeighted,20,40.0,34728838741,1462,-214.618118286133,-39.8073425292969
decentralizedWeighted,20,40.0,34913388128,1462,-247.882949829102,-43.0095977783203
decentralizedWeighted,20,40.0,35097937515,1462,-212.624267578125,0.65959888696671
decentralizedWeighted,20,40.0,35282486902,1462,-222.960327148438,17.5095043182373
decentralizedWeighted,20,40.0,31776048549,1562,-171.54216003418,0.57576370239258
decentralizedWeighted,20,40.0,31960597936,1562,-274.466369628906,-39.116340637207
decentralizedWeighted,20,40.0,32145147323,1562,-298.763336181641,-47.7656478881836
decentralizedWeighted,20,40.0,32329696710,1562,-272.432464599609,68.6779022216797
decentralizedWeighted,20,40.0,32514246097,1562,-216.408386230469,45.0702247619629
decentralizedWeighted,20,40.0,32698795484,1562,-172.668762207031,16.9266109466553
decentralizedWeighted,20,40.0,32883344871,1562,-240.991653442383,0.35583317279816
decentralizedWeighted,20,40.0,33067894258,1562,-263.335357666016,-63.8923225402832
decentralizedWeighted,20,40.0,33252443645,1562,-230.200668334961,-59.6611709594727
decentralizedWeighted,20,40.0,33436993032,1562,-174.022811889648,-23.2062854766846
decentralizedWeighted,20,40.0,33621542419,1562,-208.132278442383,-20.1190662384033
decentralizedWeighted,20,40.0,33806091806,1562,-273.975280761719,30.2155570983887
decentralizedWeighted,20,40.0,33990641193,1562,-252.02214050293,15.9922409057617
decentralizedWeighted,20,40.0,34175190580,1562,-247.239944458008,62.3525466918945
decentralizedWeighted,20,40.0,34359739967,1562,-248.61589050293,34.4844131469727
decentralizedWeighted,20,40.0,34544289354,1562,-183.058166503906,35.9650535583496
decentralizedWeighted,20,40.0,34728838741,1562,-209.618148803711,-39.8073425292969
decentralizedWeighted,20,40.0,34913388128,1562,-242.88298034668,-43.0095977783203
decentralizedWeighted,20,40.0,35097937515,1562,-207.624298095703,0.65959888696671
decentralizedWeighted,20,40.0,35282486902,1562,-217.960357666016,17.5095043182373
decentralizedWeighted,20,40.0,31776048549,1664,-170.708831787109,-3.27069115638733
decentralizedWeighted,20,40.0,31960597936,1664,-271.129058837891,-40.7830047607422
decentralizedWeighted,20,40.0,32145147323,1664,-298.763336181641,-52.7695732116699
decentralizedWeighted,20,40.0,32329696710,1664,-272.432464599609,73.6818466186523
decentralizedWeighted,20,40.0,32514246097,1664,-211.404479980469,45.0702247619629
decentralizedWeighted,20,40.0,32698795484,1664,-171.003845214844,19.5261249542236
decentralizedWeighted,20,40.0,32883344871,1664,-235.987747192383,0.35583317279816
decentralizedWeighted,20,40.0,33067894258,1664,-258.331359863281,-63.8923225402832
decentralizedWeighted,20,40.0,33252443645,1664,-225.196762084961,-59.6611709594727
decentralizedWeighted,20,40.0,33436993032,1664,-169.018905639648,-23.2062854766846
decentralizedWeighted,20,40.0,33621542419,1664,-203.128372192383,-20.1190662384033
decentralizedWeighted,20,40.0,33806091806,1664,-270.641906738281,29.3782901763916
decentralizedWeighted,20,40.0,33990641193,1664,-252.02214050293,18.4883098602295
decentralizedWeighted,20,40.0,34175190580,1664,-242.236038208008,62.3525466918945
decentralizedWeighted,20,40.0,34359739967,1664,-243.61198425293,34.4844131469727
decentralizedWeighted,20,40.0,34544289354,1664,-178.054260253906,35.9650535583496
decentralizedWeighted,20,40.0,34728838741,1664,-204.614242553711,-39.8073425292969
decentralizedWeighted,20,40.0,34913388128,1664,-237.87907409668,-43.0095977783203
decentralizedWeighted,20,40.0,35097937515,1664,-202.620391845703,0.65959888696671
decentralizedWeighted,20,40.0,35282486902,1664,-212.956451416016,17.5095043182373
decentralizedWeighted,20,40.0,31776048549,1761,-170.708831787109,-6.66664171218872
decentralizedWeighted,20,40.0,31960597936,1761,-266.06640625,-40.7830047607422
decentralizedWeighted,20,40.0,32145147323,1761,-297.929992675781,-56.998851776123
decentralizedWeighted,20,40.0,32329696710,1761,-269.932434082031,76.2444686889648
decentralizedWeighted,20,40.0,32514246097,1761,-206.341888427734,45.0702247619629
decentralizedWeighted,20,40.0,32698795484,1761,-171.003845214844,16.2554054260254
decentralizedWeighted,20,40.0,32883344871,1761,-230.925155639648,0.35583317279816
decentralizedWeighted,20,40.0,33067894258,1762,-253.268768310547,-63.8923225402832
decentralizedWeighted,20,40.0,33252443645,1762,-220.134170532227,-59.6611709594727
decentralizedWeighted,20,40.0,33436993032,1762,-163.956314086914,-23.2062854766846
decentralizedWeighted,20,40.0,33621542419,1762,-198.065780639648,-20.1190662384033
decentralizedWeighted,20,40.0,33806091806,1762,-270.641906738281,24.3156700134277
decentralizedWeighted,20,40.0,33990641193,1762,-249.522155761719,15.9256925582886
decentralizedWeighted,20,40.0,34175190580,1762,-237.173446655273,62.3525466918945
decentralizedWeighted,20,40.0,34359739967,1762,-238.549392700195,34.4844131469727
decentralizedWeighted,20,40.0,34544289354,1762,-175.491653442383,37.6317176818848
decentralizedWeighted,20,40.0,34728838741,1762,-199.551651000977,-39.8073425292969
decentralizedWeighted,20,40.0,34913388128,1762,-232.816482543945,-43.0095977783203
decentralizedWeighted,20,40.0,35097937515,1762,-197.557800292969,0.65959888696671
decentralizedWeighted,20,40.0,35282486902,1762,-207.893859863281,17.5095043182373
decentralizedWeighted,20,40.0,31776048549,1861,-170.720611572266,-3.26818013191223
decentralizedWeighted,20,40.0,31960597936,1861,-261.066345214844,-40.7830047607422
decentralizedWeighted,20,40.0,32145147323,1861,-292.929931640625,-56.998851776123
decentralizedWeighted,20,40.0,32329696710,1862,-264.932373046875,76.2444686889648
decentralizedWeighted,20,40.0,32514246097,1862,-201.341918945313,45.0702247619629
decentralizedWeighted,20,40.0,32698795484,1862,-171.036804199219,12.9868516921997
decentralizedWeighted,20,40.0,32883344871,1862,-225.925186157227,0.35583317279816
decentralizedWeighted,20,40.0,33067894258,1862,-248.268798828125,-63.8923225402832
decentralizedWeighted,20,40.0,33252443645,1862,-215.134201049805,-59.6611709594727
decentralizedWeighted,20,40.0,33436993032,1862,-163.956314086914,-27.3729553222656
decentralizedWeighted,20,40.0,33621542419,1862,-193.065811157227,-20.1190662384033
decentralizedWeighted,20,40.0,33806091806,1862,-270.641906738281,19.3156661987305
decentralizedWeighted,20,40.0,33990641193,1862,-244.522186279297,15.9256925582886
decentralizedWeighted,20,40.0,34175190580,1862,-232.173477172852,62.3525466918945
decentralizedWeighted,20,40.0,34359739967,1862,-233.549423217773,34.4844131469727
decentralizedWeighted,20,40.0,34544289354,1862,-170.491683959961,37.6317176818848
decentralizedWeighted,20,40.0,34728838741,1862,-194.551681518555,-39.8073425292969
decentralizedWeighted,20,40.0,34913388128,1862,-227.816513061523,-43.0095977783203
decentralizedWeighted,20,40.0,35097937515,1862,-192.557830810547,0.65959888696671
decentralizedWeighted,20,40.0,35282486902,1862,-202.893890380859,17.5095043182373
decentralizedWeighted,20,40.0,31776048549,1963,-170.741790771484,-8.07669067382813
decentralizedWeighted,20,40.0,31960597936,1963,-256.066284179688,-40.7830047607422
decentralizedWeighted,20,40.0,32145147323,1963,-287.929870605469,-56.998851776123
decentralizedWeighted,20,40.0,32329696710,1963,-259.932312011719,76.2444686889648
decentralizedWeighted,20,40.0,32514246097,1963,-196.341949462891,45.0702247619629
decentralizedWeighted,20,40.0,32698795484,1963,-171.036804199219,17.986852645874
decentralizedWeighted,20,40.0,32883344871,1963,-220.925216674805,0.35583317279816
decentralizedWeighted,20,40.0,33067894258,1963,-243.268829345703,-63.8923225402832
decentralizedWeighted,20,40.0,33252443645,1963,-210.134231567383,-59.6611709594727
decentralizedWeighted,20,40.0,33436993032,1963,-161.456329345703,-29.8729572296143
decentralizedWeighted,20,40.0,33621542419,1963,-188.065841674805,-20.1190662384033
decentralizedWeighted,20,40.0,33806091806,1963,-270.641906738281,14.3156652450562
decentralizedWeighted,20,40.0,33990641193,1963,-239.522216796875,15.9256925582886
decentralizedWeighted,20,40.0,34175190580,1963,-227.17350769043,62.3525466918945
decentralizedWeighted,20,40.0,34359739967,1963,-228.549453735352,34.4844131469727
decentralizedWeighted,20,40.0,34544289354,1963,-165.491714477539,37.6317176818848
decentralizedWeighted,20,40.0,34728838741,1963,-189.551712036133,-39.8073425292969
decentralizedWeighted,20,40.0,34913388128,1963,-222.816543579102,-43.0095977783203
decentralizedWeighted,20,40.0,35097937515,1963,-190.891174316406,-1.84040129184723
decentralizedWeighted,20,40.0,35282486902,1963,-197.893920898438,17.5095043182373
decentralizedWeighted,20,40.0,31776048549,2061,-170.741790771484,-13.0766887664795
decentralizedWeighted,20,40.0,31960597936,2061,-251.066314697266,-40.7830047607422
decentralizedWeighted,20,40.0,32145147323,2061,-282.929809570313,-56.998851776123
decentralizedWeighted,20,40.0,32329696710,2061,-254.932281494141,76.2444686889648
decentralizedWeighted,20,40.0,32514246097,2061,-191.341979980469,45.0702247619629
decentralizedWeighted,20,40.0,32698795484,2061,-171.036804199219,21.3201885223389
decentralizedWeighted,20,40.0,32883344871,2061,-215.925247192383,0.35583317279816
decentralizedWeighted,20,40.0,33067894258,2061,-238.268859863281,-63.8923225402832
decentralizedWeighted,20,40.0,33252443645,2061,-205.134262084961,-59.6611709594727
decentralizedWeighted,20,40.0,33436993032,2061,-156.456359863281,-29.8729572296143
decentralizedWeighted,20,40.0,33621542419,2062,-188.217559814453,-21.815242767334
decentralizedWeighted,20,40.0,33806091806,2062,-268.141876220703,11.8156661987305
decentralizedWeighted,20,40.0,33990641193,2062,-234.522247314453,15.9256925582886
decentralizedWeighted,20,40.0,34175190580,2062,-222.173538208008,62.3525466918945
decentralizedWeighted,20,40.0,34359739967,2062,-223.54948425293,34.4844131469727
decentralizedWeighted,20,40.0,34544289354,2062,-160.491744995117,37.6317176818848
decentralizedWeighted,20,40.0,34728838741,2062,-184.551742553711,-39.8073425292969
decentralizedWeighted,20,40.0,34913388128,2062,-217.81657409668,-43.0095977783203
decentralizedWeighted,20,40.0,35097937515,2062,-191.042892456055,-0.98923325538635
decentralizedWeighted,20,40.0,35282486902,2062,-192.893951416016,17.5095043182373
decentralizedWeighted,20,40.0,31776048549,2164,-170.741790771484,-18.1130065917969
decentralizedWeighted,20,40.0,31960597936,2164,-246.030029296875,-40.7830047607422
decentralizedWeighted,20,40.0,32145147323,2164,-277.893432617188,-56.998851776123
decentralizedWeighted,20,40.0,32329696710,2164,-249.89599609375,76.2444686889648
decentralizedWeighted,20,40.0,32514246097,2164,-186.305694580078,45.0702247619629
decentralizedWeighted,20,40.0,32698795484,2164,-171.036804199219,16.2838687896729
decentralizedWeighted,20,40.0,32883344871,2164,-211.722290039063,0.35583317279816
decentralizedWeighted,20,40.0,33067894258,2164,-233.232574462891,-63.8923225402832
decentralizedWeighted,20,40.0,33252443645,2164,-200.09797668457,-59.6611709594727
decentralizedWeighted,20,40.0,33436993032,2164,-151.420074462891,-29.8729572296143
decentralizedWeighted,20,40.0,33621542419,2164,-188.217559814453,-21.8515586853027
decentralizedWeighted,20,40.0,33806091806,2164,-263.105499267578,11.8156661987305
decentralizedWeighted,20,40.0,33990641193,2164,-229.485961914063,15.9256925582886
decentralizedWeighted,20,40.0,34175190580,2165,-217.137252807617,62.3525466918945
decentralizedWeighted,20,40.0,34359739967,2165,-218.513198852539,34.4844131469727
decentralizedWeighted,20,40.0,34544289354,2165,-155.455459594727,37.6317176818848
decentralizedWeighted,20,40.0,34728838741,2165,-179.51545715332,-39.8073425292969
decentralizedWeighted,20,40.0,34913388128,2165,-212.780288696289,-43.0095977783203
decentralizedWeighted,20,40.0,35097937515,2165,-191.042892456055,-1.05602848529816
decentralizedWeighted,20,40.0,35282486902,2165,-191.190979003906,20.0751838684082
decentralizedWeighted,20,40.0,31776048549,2262,-170.741790771484,-23.1130104064941
decentralizedWeighted,20,40.0,31960597936,2262,-241.030059814453,-40.7830047607422
decentralizedWeighted,20,40.0,32145147323,2262,-272.893371582031,-56.998851776123
decentralizedWeighted,20,40.0,32329696710,2262,-244.896026611328,76.2444686889648
decentralizedWeighted,20,40.0,32514246097,2262,-181.305725097656,45.0702247619629
decentralizedWeighted,20,40.0,32698795484,2262,-171.036804199219,11.2838706970215
decentralizedWeighted,20,40.0,32883344871,2262,-211.722290039063,-4.64416742324829
decentralizedWeighted,20,40.0,33067894258,2262,-228.232604980469,-63.8923225402832
decentralizedWeighted,20,40.0,33252443645,2262,-195.098007202148,-59.6611709594727
decentralizedWeighted,20,40.0,33436993032,2262,-146.420104980469,-29.8729572296143
decentralizedWeighted,20,40.0,33621542419,2262,-188.366180419922,-21.0500869750977
decentralizedWeighted,20,40.0,33806091806,2262,-258.105438232422,11.8156661987305
decentralizedWeighted,20,40.0,33990641193,2262,-226.985977172852,14.2590265274048
decentralizedWeighted,20,40.0,34175190580,2262,-212.137283325195,62.3525466918945
decentralizedWeighted,20,40.0,34359739967,2262,-213.513229370117,34.4844131469727
decentralizedWeighted,20,40.0,34544289354,2262,-150.455490112305,37.6317176818848
decentralizedWeighted,20,40.0,34728838741,2262,-174.515487670898,-39.8073425292969
decentralizedWeighted,20,40.0,34913388128,2262,-207.780319213867,-43.0095977783203
decentralizedWeighted,20,40.0,35097937515,2262,-191.191513061523,-1.88785374164581
decentralizedWeighted,20,40.0,35282486902,2263,-191.190979003906,25.0751876831055
decentralizedWeighted,20,40.0,31776048549,2362,-170.741790771484,-19.7796745300293
decentralizedWeighted,20,40.0,31960597936,2362,-236.030090332031,-40.7830047607422
decentralizedWeighted,20,40.0,32145147323,2362,-267.893310546875,-56.998851776123
decentralizedWeighted,20,40.0,32329696710,2362,-239.896057128906,76.2444686889648
decentralizedWeighted,20,40.0,32514246097,2362,-176.305755615234,45.0702247619629
decentralizedWeighted,20,40.0,32698795484,2362,-171.036804199219,6.28387117385864
decentralizedWeighted,20,40.0,32883344871,2362,-211.722290039063,-9.64416790008545
decentralizedWeighted,20,40.0,33067894258,2362,-223.232635498047,-63.8923225402832
decentralizedWeighted,20,40.0,33252443645,2362,-190.098037719727,-59.6611709594727
decentralizedWeighted,20,40.0,33436993032,2362,-141.420135498047,-29.8729572296143
decentralizedWeighted,20,40.0,33621542419,2362,-188.366180419922,-26.0500907897949
decentralizedWeighted,20,40.0,33806091806,2362,-253.105438232422,11.8156661987305
decentralizedWeighted,20,40.0,33990641193,2362,-221.98600769043,14.2590265274048
decentralizedWeighted,20,40.0,34175190580,2362,-207.137313842773,62.3525466918945
decentralizedWeighted,20,40.0,34359739967,2362,-211.846572875977,31.9844150543213
decentralizedWeighted,20,40.0,34544289354,2362,-145.455520629883,37.6317176818848
decentralizedWeighted,20,40.0,34728838741,2362,-172.015502929688,-41.474006652832
decentralizedWeighted,20,40.0,34913388128,2362,-202.780349731445,-43.0095977783203
decentralizedWeighted,20,40.0,35097937515,2362,-191.191513061523,3.11214637756348
decentralizedWeighted,20,40.0,35282486902,2362,-190.357650756836,29.2418575286865
decentralizedWeighted,20,40.0,31776048549,2462,-170.741790771484,-14.7796726226807
decentralizedWeighted,20,40.0,31960597936,2462,-231.030120849609,-40.7830047607422
decentralizedWeighted,20,40.0,32145147323,2463,-262.893249511719,-56.998851776123
decentralizedWeighted,20,40.0,32329696710,2463,-234.896087646484,76.2444686889648
decentralizedWeighted,20,40.0,32514246097,2463,-171.305786132813,45.0702247619629
decentralizedWeighted,20,40.0,32698795484,2463,-171.036804199219,1.28387033939362
decentralizedWeighted,20,40.0,32883344871,2463,-211.722290039063,-14.6441659927368
decentralizedWeighted,20,40.0,33067894258,2463,-218.232666015625,-63.8923225402832
decentralizedWeighted,20,40.0,33252443645,2463,-185.931396484375,-59.6611709594727
decentralizedWeighted,20,40.0,33436993032,2463,-136.420166015625,-29.8729572296143
decentralizedWeighted,20,40.0,33621542419,2463,-188.366180419922,-27.7167587280273
decentralizedWeighted,20,40.0,33806091806,2463,-248.10546875,11.8156661987305
decentralizedWeighted,20,40.0,33990641193,2463,-218.652694702148,13.4256935119629
decentralizedWeighted,20,40.0,34175190580,2463,-202.137344360352,62.3525466918945
decentralizedWeighted,20,40.0,34359739967,2463,-211.846572875977,31.9844150543213
decentralizedWeighted,20,40.0,34544289354,2463,-140.455551147461,37.6317176818848
decentralizedWeighted,20,40.0,34728838741,2463,-169.515518188477,-43.9740028381348
decentralizedWeighted,20,40.0,34913388128,2463,-200.280364990234,-44.6762619018555
decentralizedWeighted,20,40.0,35097937515,2463,-191.191513061523,8.11214733123779
decentralizedWeighted,20,40.0,35282486902,2463,-190.357650756836,33.4085235595703
decentralizedWeighted,20,40.0,31776048549,2563,-170.773529052734,-18.121789932251
decentralizedWeighted,20,40.0,31960597936,2563,-226.030151367188,-40.7830047607422
decentralizedWeighted,20,40.0,32145147323,2563,-257.893188476563,-56.998851776123
decentralizedWeighted,20,40.0,32329696710,2563,-229.896118164063,76.2444686889648
decentralizedWeighted,20,40.0,32514246097,2563,-166.305816650391,45.0702247619629
decentralizedWeighted,20,40.0,32698795484,2563,-171.068542480469,4.62539863586426
decentralizedWeighted,20,40.0,32883344871,2563,-211.722290039063,-19.6441688537598
decentralizedWeighted,20,40.0,33067894258,2563,-213.232696533203,-63.8923225402832
decentralizedWeighted,20,40.0,33252443645,2563,-185.931396484375,-59.6611709594727
decentralizedWeighted,20,40.0,33436993032,2563,-131.420196533203,-29.8729572296143
decentralizedWeighted,20,40.0,33621542419,2563,-188.366180419922,-22.7167549133301
decentralizedWeighted,20,40.0,33806091806,2563,-243.105499267578,11.8156661987305
decentralizedWeighted,20,40.0,33990641193,2563,-218.652694702148,8.42569541931152
decentralizedWeighted,20,40.0,34175190580,2563,-197.13737487793,62.3525466918945
decentralizedWeighted,20,40.0,34359739967,2563,-211.846572875977,36.9844093322754
decentralizedWeighted,20,40.0,34544289354,2563,-135.455581665039,37.6317176818848
decentralizedWeighted,20,40.0,34728838741,2563,-164.515548706055,-43.9740028381348
decentralizedWeighted,20,40.0,34913388128,2563,-200.280364990234,-44.6762619018555
decentralizedWeighted,20,40.0,35097937515,2563,-191.191513061523,13.1121454238892
decentralizedWeighted,20,40.0,35282486902,2563,-190.357650756836,38.4085159301758
decentralizedWeighted,20,40.0,31776048549,2664,-170.773529052734,-23.1217937469482
decentralizedWeighted,20,40.0,31960597936,2665,-221.030181884766,-40.7830047607422
decentralizedWeighted,20,40.0,32145147323,2665,-252.893188476563,-56.998851776123
decentralizedWeighted,20,40.0,32329696710,2665,-224.896148681641,76.2444686889648
decentralizedWeighted,20,40.0,32514246097,2665,-161.305847167969,45.0702247619629
decentralizedWeighted,20,40.0,32698795484,2665,-171.068542480469,9.62539863586426
decentralizedWeighted,20,40.0,32883344871,2665,-211.722290039063,-24.644172668457
decentralizedWeighted,20,40.0,33067894258,2665,-208.232727050781,-63.8923225402832
decentralizedWeighted,20,40.0,33252443645,2665,-184.264739990234,-62.994499206543
decentralizedWeighted,20,40.0,33436993032,2665,-126.420211791992,-29.8729572296143
decentralizedWeighted,20,40.0,33621542419,2665,-188.366180419922,-17.7167510986328
decentralizedWeighted,20,40.0,33806091806,2665,-238.938858032227,11.8156661987305
decentralizedWeighted,20,40.0,33990641193,2665,-218.652694702148,3.42569446563721
decentralizedWeighted,20,40.0,34175190580,2665,-192.137405395508,62.3525466918945
decentralizedWeighted,20,40.0,34359739967,2665,-211.846572875977,41.9844017028809
decentralizedWeighted,20,40.0,34544289354,2665,-130.455612182617,37.6317176818848
decentralizedWeighted,20,40.0,34728838741,2665,-159.515579223633,-43.9740028381348
decentralizedWeighted,20,40.0,34913388128,2665,-198.613708496094,-41.3429336547852
decentralizedWeighted,20,40.0,35097937515,2665,-191.191513061523,18.1121463775635
decentralizedWeighted,20,40.0,35282486902,2665,-190.357650756836,43.4085083007813
decentralizedWeighted,20,40.0,31776048549,2761,-170.773529052734,-28.1217975616455
decentralizedWeighted,20,40.0,31960597936,2762,-221.030181884766,-44.9496650695801
decentralizedWeighted,20,40.0,32145147323,2762,-247.893218994141,-56.998851776123
decentralizedWeighted,20,40.0,32329696710,2762,-219.896179199219,76.2444686889648
decentralizedWeighted,20,40.0,32514246097,2762,-156.305877685547,45.0702247619629
decentralizedWeighted,20,40.0,32698795484,2762,-171.068542480469,14.6253967285156
decentralizedWeighted,20,40.0,32883344871,2762,-211.722290039063,-21.3108367919922
decentralizedWeighted,20,40.0,33067894258,2762,-203.232757568359,-63.8923225402832
decentralizedWeighted,20,40.0,33252443645,2762,-179.264770507813,-62.994499206543
decentralizedWeighted,20,40.0,33436993032,2762,-121.420196533203,-29.8729572296143
decentralizedWeighted,20,40.0,33621542419,2762,-188.366180419922,-12.7167510986328
decentralizedWeighted,20,40.0,33806091806,2762,-238.938858032227,6.81566715240479
decentralizedWeighted,20,40.0,33990641193,2762,-216.152709960938,0.92569422721863
decentralizedWeighted,20,40.0,34175190580,2762,-187.136108398438,62.3525466918945
decentralizedWeighted,20,40.0,34359739967,2762,-211.846572875977,46.9843940734863
decentralizedWeighted,20,40.0,34544289354,2762,-125.455612182617,37.6317176818848
decentralizedWeighted,20,40.0,34728838741,2762,-154.515609741211,-43.9740028381348
decentralizedWeighted,20,40.0,34913388128,2762,-193.613739013672,-41.3429336547852
decentralizedWeighted,20,40.0,35097937515,2762,-191.191513061523,23.1121501922607
decentralizedWeighted,20,40.0,35282486902,2762,-189.524322509766,44.6358528137207
